service_id,monday,tuesday,wednesday,thursday,friday,saturday,sunday,start_date,end_date
L01a_195972,1,1,1,1,1,1,1,20230501,20231031
L01b_195973,1,1,1,1,1,1,1,20230501,20231031
L02_2a_195587,1,1,1,1,1,0,0,20230313,20230427
L02_2b_195588,1,1,1,1,1,0,0,20230313,20230427
L02_1a_195585,1,1,1,1,1,1,1,20230313,20230427
L02_1b_195586,1,1,1,1,1,1,1,20230313,20230427
L03c_195893_1,1,1,1,1,1,1,0,20230419,20230604
L03c_195896,1,1,1,1,1,1,0,20230605,20230901
L03c_195893_2,1,1,1,1,1,1,0,20230902,20231031
L03c_195892_1,0,0,0,0,0,0,1,20230418,20230604
L03c_195898,0,0,0,0,0,0,1,20230605,20230930
L03c_195892_2,0,0,0,0,0,0,1,20231001,20231031
L03_1a_195343,1,1,1,1,1,0,0,20230101,20231231
L03_1b_195344,1,1,1,1,1,0,0,20230101,20231231
L05a_195979,1,1,1,1,1,1,1,20230505,20231031
L05b_195980,1,1,1,1,1,1,1,20230505,20231031
L07a_195987,1,1,1,1,1,1,1,20230505,20231031
L07b_195988,1,1,1,1,1,1,1,20230505,20231031
L08_c_195086,1,1,1,1,1,0,0,20221105,20230430
L08_c_195087,0,0,0,0,0,1,1,20221105,20230430
L09a_195813,1,1,1,1,1,1,1,20230428,20231031
L09b_195814,1,1,1,1,1,1,1,20230428,20231031
L10c_195842,1,1,1,1,1,1,1,20230411,20230504
L10Ea_195921,1,1,1,1,1,1,1,20230424,20231031
L10Eb_195922,1,1,1,1,1,1,1,20230424,20231031
L11a_195054,1,0,1,0,1,0,0,20221101,20230505
L11a_195990,1,1,1,1,1,1,1,20230506,20231031
L11b_195055,1,0,1,0,1,0,0,20221101,20230505
L11b_195991,1,1,1,1,1,1,1,20230506,20231031
L12Ac_195312,1,1,1,1,1,1,0,20230101,20231231
L12Ac_195313,0,0,0,0,0,0,1,20230101,20231231
L12Bc_195321,1,1,1,1,1,1,0,20230101,20231231
L12Bc_195322,0,0,0,0,0,0,1,20230101,20231231
L13c_194915,1,1,1,1,1,0,0,20221101,20230430
L13c_195920,1,1,1,1,1,0,0,20230501,20230501
L13c_195917,1,1,1,1,1,0,0,20230502,20231031
L13c_194916,0,0,0,0,0,1,0,20221101,20230430
L13c_195918,0,0,0,0,0,1,0,20230502,20231031
L13c_194917,0,0,0,0,0,0,1,20221101,20230430
L13c_195919,0,0,0,0,0,0,1,20230502,20231031
L14c_195156,1,1,1,1,1,0,0,20221121,20230430
L14c_195157,0,0,0,0,0,1,0,20221121,20230430
L14c_195916,0,0,0,0,0,0,1,20230420,20230430
L15c_195556,1,1,1,1,1,1,1,20230313,20230531
L16a_194919,1,1,1,1,1,0,0,20221101,20230430
L16a_195904,1,1,1,1,1,0,0,20230502,20231031
L16a_195493,0,0,0,0,0,1,0,20230306,20230430
L16a_195905,0,0,0,0,0,1,0,20230502,20231031
L16a_194921,0,0,0,0,0,0,1,20221101,20230430
L16a_195906,0,0,0,0,0,0,1,20230502,20231031
L16a_195943,0,0,0,0,0,0,0,20230501,20230501
L16b_194925,1,1,1,1,1,0,0,20221101,20230430
L16b_195909,1,1,1,1,1,0,0,20230502,20231031
L16b_195494,0,0,0,0,0,1,0,20230306,20230430
L16b_195910,0,0,0,0,0,1,0,20230502,20231031
L16b_194927,0,0,0,0,0,0,1,20221101,20230430
L16b_195911,0,0,0,0,0,0,1,20230502,20231031
L16b_195944,0,0,0,0,0,0,0,20230501,20230501
L16Ba_195531,1,1,1,1,1,1,0,20230306,20230430
L16Ba_195532,0,0,0,0,0,0,1,20230306,20230430
L16Bb_195533,1,1,1,1,1,1,0,20230306,20230430
L16Bb_195534,0,0,0,0,0,0,1,20230306,20230430
L17c_195728,1,1,1,1,1,0,0,20230328,20231231
L18Aa_195489,1,1,1,1,1,0,0,20230306,20230430
L18Aa_195945,1,1,1,1,1,0,0,20230502,20231031
L18Aa_195490,0,0,0,0,0,1,0,20230306,20230430
L18Aa_195946,0,0,0,0,0,1,0,20230502,20231031
L18Aa_194934,0,0,0,0,0,0,1,20221101,20230430
L18Aa_195947,0,0,0,0,0,0,1,20230502,20231031
L18Aa_195948,0,0,0,0,0,0,0,20230501,20230501
L18Ab_195491,1,1,1,1,1,0,0,20230306,20230430
L18Ab_195492,0,0,0,0,0,1,0,20230306,20230430
L18Ab_194937,0,0,0,0,0,0,1,20221101,20230430
L19a_195498,1,1,1,1,1,0,0,20230306,20230430
L19a_195499,0,0,0,0,0,1,0,20230306,20230430
L19a_195957,1,1,1,1,1,1,0,20230501,20231031
L19a_195500,0,0,0,0,0,0,1,20230306,20230430
L19a_195958,0,0,0,0,0,0,1,20230501,20231031
L19b_195501,1,1,1,1,1,0,0,20230306,20230430
L19b_195502,0,0,0,0,0,1,0,20230306,20230430
L19b_195959,1,1,1,1,1,1,0,20230501,20231031
L19b_195503,0,0,0,0,0,0,1,20230306,20230430
L19b_195960,0,0,0,0,0,0,1,20230501,20231031
L20A_c_195873,1,1,1,1,1,0,0,20230417,20230430
L20A_c_195965,1,1,1,1,1,0,0,20230501,20231031
L20A_c_195874,0,0,0,0,0,1,0,20230417,20230430
L20A_c_195966,0,0,0,0,0,1,0,20230501,20231031
L20A_c_195875,0,0,0,0,0,0,1,20230417,20230430
L20A_c_195967,0,0,0,0,0,0,1,20230501,20231031
L20Ba_195537,1,1,1,1,1,0,0,20230306,20230630
L20Bb_195538,1,1,1,1,1,0,0,20230306,20230630
L24a_195867_1,1,1,0,1,1,1,1,20230417,20230514
L24a_195868_1,1,1,0,1,1,1,1,20230515,20230604
L24a_195869,1,1,0,1,1,1,1,20230605,20230917
L24a_195868_2,1,1,0,1,1,1,1,20230918,20231001
L24a_195867_2,1,1,0,1,1,1,1,20231002,20231031
L24a_195876_1,0,0,1,0,0,0,0,20230417,20230514
L24a_195877_1,0,0,1,0,0,0,0,20230515,20230604
L24a_195878,0,0,1,0,0,0,0,20230605,20230917
L24a_195877_2,0,0,1,0,0,0,0,20230918,20231001
L24a_195876_2,0,0,1,0,0,0,0,20231002,20231031
L24b_195870_1,1,1,0,1,1,1,1,20230417,20230514
L24b_195871_1,1,1,0,1,1,1,1,20230515,20230604
L24b_195872,1,1,0,1,1,1,1,20230605,20230917
L24b_195871_2,1,1,0,1,1,1,1,20230918,20231001
L24b_195870_2,1,1,0,1,1,1,1,20231002,20231031
L24b_195879_1,0,0,1,0,0,0,0,20230417,20230514
L24b_195880_1,0,0,1,0,0,0,0,20230515,20230604
L24b_195881,0,0,1,0,0,0,0,20230605,20230917
L24b_195880_2,0,0,1,0,0,0,0,20230918,20231001
L24b_195879_2,0,0,1,0,0,0,0,20231002,20231031
L25Ac_195882,1,1,1,1,0,0,0,20230417,20231031
L25Ac_195883,0,0,0,0,1,0,0,20230417,20231031
L25Ac_195884,0,0,0,0,0,1,0,20230417,20231031
L25Ac_195885,0,0,0,0,0,0,1,20230417,20231031
L27_2a_195422,1,1,1,1,1,0,0,20230227,20231231
L27_2b_195425,1,1,1,1,1,0,0,20230227,20231231
L27_1a_195558,1,1,1,1,1,0,0,20230313,20231231
L27_1a_195484,0,0,0,0,0,1,0,20230227,20231231
L27_1a_195485,0,0,0,0,0,0,1,20230227,20231231
L27_1b_195559,1,1,1,1,1,0,0,20230313,20231231
L27_1b_195487,0,0,0,0,0,1,0,20230227,20231231
L27_1b_195488,0,0,0,0,0,0,1,20230227,20231231
L30_c_194973,1,1,1,1,1,0,0,20221101,20230430
L35c_195372,1,1,1,1,1,0,0,20230117,20230430
L35c_195371,0,0,0,0,0,1,0,20230117,20230430
L41a_195555,1,1,1,1,1,1,1,20230313,20230531
L41b_195078,1,1,1,1,1,1,1,20221103,20230531
L42B_4c_195352,1,1,1,1,1,0,0,20230101,20230531
L42B_1a_195346,1,1,1,1,1,0,0,20230101,20230531
L42B_2a_195348,1,1,1,1,1,0,0,20230101,20230531
L42B_1b_195347,1,1,1,1,1,0,0,20230101,20230531
L42B_2b_195349,1,1,1,1,1,0,0,20230101,20230531
L42B_3a_195350,1,1,1,1,1,0,0,20230101,20230531
L42B_3b_195351,1,1,1,1,1,0,0,20230101,20230531
L45_2c_195394,1,1,1,1,1,0,0,20230227,20230531
L45_2c_195395,0,0,0,0,0,1,1,20230227,20230531
L45_1c_195535,1,1,1,1,1,0,0,20230227,20230531
L45_1c_195536,0,0,0,0,0,1,1,20230227,20230531
L50c_195777,1,1,1,1,1,1,1,20230331,20230427
LN03a_194680,0,0,0,0,0,1,1,20221001,20230430
LN03a_195081,0,0,0,0,0,1,1,20230501,20230531
LN03b_194681,0,0,0,0,0,1,1,20221001,20230430
LN08a_195096,0,0,0,0,0,1,0,20221108,20230531
LN08a_195097,0,0,0,0,0,0,1,20221108,20230531
LN08b_195101,0,0,0,0,1,0,0,20221108,20230531
LN08b_195102,0,0,0,0,0,1,0,20221108,20230531
LN08b_195103,0,0,0,0,0,0,1,20221108,20230531
LN13a_195109,0,0,0,0,0,1,1,20221108,20230531
LN13b_195110,0,0,0,0,0,1,1,20221108,20230531
LN20a_195391,0,0,0,0,0,1,1,20230126,20230531
LN20b_195886,0,0,0,0,0,1,0,20230417,20230930

